$$$ exec p2 : [../ahadjer.filler]
player = X
enemi = O
Plateau 15 17:
mapx: 17
mapY 15
new line youhou !
new char youhou !
new char youhou !
new char youhou !
new line youhou !
new char youhou !
new char youhou !
new char youhou !
end youhou !
ad
ad
0 1 2 3 4 5 6 7 8 9 10 11 12 13 14 15 16 
0 1 2 3 4 5 6 7 8 9 10 11 12 13 14 15 16 
0 1 2 3 4 5 6 7 8 9 10 11 12 13 14 15 16 
0 1 2 3 4 5 6 7 8 9 10 11 12 13 14 15 16 
0 1 2 3 4 5 6 7 8 9 10 11 12 13 14 15 16 
0 1 2 3 4 5 6 7 8 9 10 11 12 13 14 15 16 
0 1 2 3 4 5 6 7 8 9 10 11 12 13 14 15 16 
0 1 2 3 4 5 6 7 8 9 10 11 12 13 14 15 16 
0 1 2 3 4 5 6 7 8 9 10 11 12 13 14 15 16 
0 1 2 3 4 5 6 7 8 9 10 11 12 13 14 15 16 
0 1 2 3 4 5 6 7 8 9 10 11 12 13 14 15 16 
0 1 2 3 4 5 6 7 8 9 10 11 12 13 14 15 16 
0 1 2 3 4 5 6 7 8 9 10 11 12 13 14 15 16 
0 1 2 3 4 5 6 7 8 9 10 11 12 13 14 15 16 
0 1 2 3 4 5 6 7 8 9 10 11 12 13 14 15 16 
new line youhou !
new char youhou !
new char youhou !
new char youhou !
new line youhou !
new char youhou !
new char youhou !
new char youhou !
end youhou !
ad
ad
0 1 2 3 4 5 6 7 8 9 10 11 12 13 14 15 16 
0 1 2 3 4 5 6 7 8 9 10 11 12 13 14 15 16 
0 1 2 3 4 5 6 7 8 9 10 11 12 13 14 15 16 
0 1 2 3 4 5 6 7 8 9 10 11 12 13 14 15 16 
0 1 2 3 4 5 6 7 8 9 10 11 12 13 14 15 16 
0 1 2 3 4 5 6 7 8 9 10 11 12 13 14 15 16 
0 1 2 3 4 5 6 7 8 9 10 11 12 13 14 15 16 
0 1 2 3 4 5 6 7 8 9 10 11 12 13 14 15 16 
0 1 2 3 4 5 6 7 8 9 10 11 12 13 14 15 16 
0 1 2 3 4 5 6 7 8 9 10 11 12 13 14 15 16 
0 1 2 3 4 5 6 7 8 9 10 11 12 13 14 15 16 
0 1 2 3 4 5 6 7 8 9 10 11 12 13 14 15 16 
0 1 2 3 4 5 6 7 8 9 10 11 12 13 14 15 16 
0 1 2 3 4 5 6 7 8 9 10 11 12 13 14 15 16 
0 1 2 3 4 5 6 7 8 9 10 11 12 13 14 15 16 
new line youhou !
new char youhou !
new char youhou !
new char youhou !
end youhou !
ad
ad
0 1 2 3 4 5 6 7 8 9 10 11 12 13 14 15 16 
0 1 2 3 4 5 6 7 8 9 10 11 12 13 14 15 16 
0 1 2 3 4 5 6 7 8 9 10 11 12 13 14 15 16 
0 1 2 3 4 5 6 7 8 9 10 11 12 13 14 15 16 
0 1 2 3 4 5 6 7 8 9 10 11 12 13 14 15 16 
0 1 2 3 4 5 6 7 8 9 10 11 12 13 14 15 16 
0 1 2 3 4 5 6 7 8 9 10 11 12 13 14 15 16 
0 1 2 3 4 5 6 7 8 9 10 11 12 13 14 15 16 
0 1 2 3 4 5 6 7 8 9 10 11 12 13 14 15 16 
0 1 2 3 4 5 6 7 8 9 10 11 12 13 14 15 16 
0 1 2 3 4 5 6 7 8 9 10 11 12 13 14 15 16 
0 1 2 3 4 5 6 7 8 9 10 11 12 13 14 15 16 
0 1 2 3 4 5 6 7 8 9 10 11 12 13 14 15 16 
0 1 2 3 4 5 6 7 8 9 10 11 12 13 14 15 16 
0 1 2 3 4 5 6 7 8 9 10 11 12 13 14 15 16 
new line youhou !
new char youhou !
new char youhou !
new char youhou !
new line youhou !
new char youhou !
new char youhou !
new char youhou !
end youhou !
ad
ad
0 1 2 3 4 5 6 7 8 9 10 11 12 13 14 15 16 
0 1 2 3 4 5 6 7 8 9 10 11 12 13 14 15 16 
0 1 2 3 4 5 6 7 8 9 10 11 12 13 14 15 16 
0 1 2 3 4 5 6 7 8 9 10 11 12 13 14 15 16 
0 1 2 3 4 5 6 7 8 9 10 11 12 13 14 15 16 
0 1 2 3 4 5 6 7 8 9 10 11 12 13 14 15 16 
0 1 2 3 4 5 6 7 8 9 10 11 12 13 14 15 16 
0 1 2 3 4 5 6 7 8 9 10 11 12 13 14 15 16 
0 1 2 3 4 5 6 7 8 9 10 11 12 13 14 15 16 
0 1 2 3 4 5 6 7 8 9 10 11 12 13 14 15 16 
0 1 2 3 4 5 6 7 8 9 10 11 12 13 14 15 16 
0 1 2 3 4 5 6 7 8 9 10 11 12 13 14 15 16 
0 1 2 3 4 5 6 7 8 9 10 11 12 13 14 15 16 
0 1 2 3 4 5 6 7 8 9 10 11 12 13 14 15 16 
0 1 2 3 4 5 6 7 8 9 10 11 12 13 14 15 16 
new line youhou !
new char youhou !
new char youhou !
new line youhou !
new char youhou !
new char youhou !
end youhou !
ad
ad
0 1 2 3 4 5 6 7 8 9 10 11 12 13 14 15 16 
0 1 2 3 4 5 6 7 8 9 10 11 12 13 14 15 16 
0 1 2 3 4 5 6 7 8 9 10 11 12 13 14 15 16 
0 1 2 3 4 5 6 7 8 9 10 11 12 13 14 15 16 
0 1 2 3 4 5 6 7 8 9 10 11 12 13 14 15 16 
0 1 2 3 4 5 6 7 8 9 10 11 12 13 14 15 16 
0 1 2 3 4 5 6 7 8 9 10 11 12 13 14 15 16 
0 1 2 3 4 5 6 7 8 9 10 11 12 13 14 15 16 
0 1 2 3 4 5 6 7 8 9 10 11 12 13 14 15 16 
0 1 2 3 4 5 6 7 8 9 10 11 12 13 14 15 16 
0 1 2 3 4 5 6 7 8 9 10 11 12 13 14 15 16 
0 1 2 3 4 5 6 7 8 9 10 11 12 13 14 15 16 
0 1 2 3 4 5 6 7 8 9 10 11 12 13 14 15 16 
0 1 2 3 4 5 6 7 8 9 10 11 12 13 14 15 16 
0 1 2 3 4 5 6 7 8 9 10 11 12 13 14 15 16 
new line youhou !
new char youhou !
new char youhou !
new char youhou !
new line youhou !
new char youhou !
new char youhou !
new char youhou !
end youhou !
ad
ad
0 1 2 3 4 5 6 7 8 9 10 11 12 13 14 15 16 
0 1 2 3 4 5 6 7 8 9 10 11 12 13 14 15 16 
0 1 2 3 4 5 6 7 8 9 10 11 12 13 14 15 16 
0 1 2 3 4 5 6 7 8 9 10 11 12 13 14 15 16 
0 1 2 3 4 5 6 7 8 9 10 11 12 13 14 15 16 
0 1 2 3 4 5 6 7 8 9 10 11 12 13 14 15 16 
0 1 2 3 4 5 6 7 8 9 10 11 12 13 14 15 16 
0 1 2 3 4 5 6 7 8 9 10 11 12 13 14 15 16 
0 1 2 3 4 5 6 7 8 9 10 11 12 13 14 15 16 
0 1 2 3 4 5 6 7 8 9 10 11 12 13 14 15 16 
0 1 2 3 4 5 6 7 8 9 10 11 12 13 14 15 16 
0 1 2 3 4 5 6 7 8 9 10 11 12 13 14 15 16 
0 1 2 3 4 5 6 7 8 9 10 11 12 13 14 15 16 
0 1 2 3 4 5 6 7 8 9 10 11 12 13 14 15 16 
0 1 2 3 4 5 6 7 8 9 10 11 12 13 14 15 16 
new line youhou !
new char youhou !
new char youhou !
end youhou !
ad
ad
0 1 2 3 4 5 6 7 8 9 10 11 12 13 14 15 16 
0 1 2 3 4 5 6 7 8 9 10 11 12 13 14 15 16 
0 1 2 3 4 5 6 7 8 9 10 11 12 13 14 15 16 
0 1 2 3 4 5 6 7 8 9 10 11 12 13 14 15 16 
0 1 2 3 4 5 6 7 8 9 10 11 12 13 14 15 16 
0 1 2 3 4 5 6 7 8 9 10 11 12 13 14 15 16 
0 1 2 3 4 5 6 7 8 9 10 11 12 13 14 15 16 
0 1 2 3 4 5 6 7 8 9 10 11 12 13 14 15 16 
0 1 2 3 4 5 6 7 8 9 10 11 12 13 14 15 16 
0 1 2 3 4 5 6 7 8 9 10 11 12 13 14 15 16 
0 1 2 3 4 5 6 7 8 9 10 11 12 13 14 15 16 
0 1 2 3 4 5 6 7 8 9 10 11 12 13 14 15 16 
0 1 2 3 4 5 6 7 8 9 10 11 12 13 14 15 16 
0 1 2 3 4 5 6 7 8 9 10 11 12 13 14 15 16 
0 1 2 3 4 5 6 7 8 9 10 11 12 13 14 15 16 
new line youhou !
new char youhou !
new line youhou !
new char youhou !
end youhou !
ad
ad
0 1 2 3 4 5 6 7 8 9 10 11 12 13 14 15 16 
0 1 2 3 4 5 6 7 8 9 10 11 12 13 14 15 16 
0 1 2 3 4 5 6 7 8 9 10 11 12 13 14 15 16 
0 1 2 3 4 5 6 7 8 9 10 11 12 13 14 15 16 
0 1 2 3 4 5 6 7 8 9 10 11 12 13 14 15 16 
0 1 2 3 4 5 6 7 8 9 10 11 12 13 14 15 16 
0 1 2 3 4 5 6 7 8 9 10 11 12 13 14 15 16 
0 1 2 3 4 5 6 7 8 9 10 11 12 13 14 15 16 
0 1 2 3 4 5 6 7 8 9 10 11 12 13 14 15 16 
0 1 2 3 4 5 6 7 8 9 10 11 12 13 14 15 16 
0 1 2 3 4 5 6 7 8 9 10 11 12 13 14 15 16 
0 1 2 3 4 5 6 7 8 9 10 11 12 13 14 15 16 
0 1 2 3 4 5 6 7 8 9 10 11 12 13 14 15 16 
0 1 2 3 4 5 6 7 8 9 10 11 12 13 14 15 16 
0 1 2 3 4 5 6 7 8 9 10 11 12 13 14 15 16 
new line youhou !
new char youhou !
new char youhou !
new line youhou !
new char youhou !
new char youhou !
end youhou !
ad
ad
0 1 2 3 4 5 6 7 8 9 10 11 12 13 14 15 16 
0 1 2 3 4 5 6 7 8 9 10 11 12 13 14 15 16 
0 1 2 3 4 5 6 7 8 9 10 11 12 13 14 15 16 
0 1 2 3 4 5 6 7 8 9 10 11 12 13 14 15 16 
0 1 2 3 4 5 6 7 8 9 10 11 12 13 14 15 16 
0 1 2 3 4 5 6 7 8 9 10 11 12 13 14 15 16 
0 1 2 3 4 5 6 7 8 9 10 11 12 13 14 15 16 
0 1 2 3 4 5 6 7 8 9 10 11 12 13 14 15 16 
0 1 2 3 4 5 6 7 8 9 10 11 12 13 14 15 16 
0 1 2 3 4 5 6 7 8 9 10 11 12 13 14 15 16 
0 1 2 3 4 5 6 7 8 9 10 11 12 13 14 15 16 
0 1 2 3 4 5 6 7 8 9 10 11 12 13 14 15 16 
0 1 2 3 4 5 6 7 8 9 10 11 12 13 14 15 16 
0 1 2 3 4 5 6 7 8 9 10 11 12 13 14 15 16 
0 1 2 3 4 5 6 7 8 9 10 11 12 13 14 15 16 
new line youhou !
new char youhou !
new char youhou !
new line youhou !
new char youhou !
new char youhou !
end youhou !
ad
ad
0 1 2 3 4 5 6 7 8 9 10 11 12 13 14 15 16 
0 1 2 3 4 5 6 7 8 9 10 11 12 13 14 15 16 
0 1 2 3 4 5 6 7 8 9 10 11 12 13 14 15 16 
0 1 2 3 4 5 6 7 8 9 10 11 12 13 14 15 16 
0 1 2 3 4 5 6 7 8 9 10 11 12 13 14 15 16 
0 1 2 3 4 5 6 7 8 9 10 11 12 13 14 15 16 
0 1 2 3 4 5 6 7 8 9 10 11 12 13 14 15 16 
0 1 2 3 4 5 6 7 8 9 10 11 12 13 14 15 16 
0 1 2 3 4 5 6 7 8 9 10 11 12 13 14 15 16 
0 1 2 3 4 5 6 7 8 9 10 11 12 13 14 15 16 
0 1 2 3 4 5 6 7 8 9 10 11 12 13 14 15 16 
0 1 2 3 4 5 6 7 8 9 10 11 12 13 14 15 16 
0 1 2 3 4 5 6 7 8 9 10 11 12 13 14 15 16 
0 1 2 3 4 5 6 7 8 9 10 11 12 13 14 15 16 
0 1 2 3 4 5 6 7 8 9 10 11 12 13 14 15 16 
new line youhou !
new char youhou !
new char youhou !
new line youhou !
new char youhou !
new char youhou !
end youhou !
ad
ad
0 1 2 3 4 5 6 7 8 9 10 11 12 13 14 15 16 
0 1 2 3 4 5 6 7 8 9 10 11 12 13 14 15 16 
0 1 2 3 4 5 6 7 8 9 10 11 12 13 14 15 16 
0 1 2 3 4 5 6 7 8 9 10 11 12 13 14 15 16 
0 1 2 3 4 5 6 7 8 9 10 11 12 13 14 15 16 
0 1 2 3 4 5 6 7 8 9 10 11 12 13 14 15 16 
0 1 2 3 4 5 6 7 8 9 10 11 12 13 14 15 16 
0 1 2 3 4 5 6 7 8 9 10 11 12 13 14 15 16 
0 1 2 3 4 5 6 7 8 9 10 11 12 13 14 15 16 
0 1 2 3 4 5 6 7 8 9 10 11 12 13 14 15 16 
0 1 2 3 4 5 6 7 8 9 10 11 12 13 14 15 16 
0 1 2 3 4 5 6 7 8 9 10 11 12 13 14 15 16 
0 1 2 3 4 5 6 7 8 9 10 11 12 13 14 15 16 
0 1 2 3 4 5 6 7 8 9 10 11 12 13 14 15 16 
0 1 2 3 4 5 6 7 8 9 10 11 12 13 14 15 16 
new line youhou !
new char youhou !
new line youhou !
new char youhou !
end youhou !
ad
ad
0 1 2 3 4 5 6 7 8 9 10 11 12 13 14 15 16 
0 1 2 3 4 5 6 7 8 9 10 11 12 13 14 15 16 
0 1 2 3 4 5 6 7 8 9 10 11 12 13 14 15 16 
0 1 2 3 4 5 6 7 8 9 10 11 12 13 14 15 16 
0 1 2 3 4 5 6 7 8 9 10 11 12 13 14 15 16 
0 1 2 3 4 5 6 7 8 9 10 11 12 13 14 15 16 
0 1 2 3 4 5 6 7 8 9 10 11 12 13 14 15 16 
0 1 2 3 4 5 6 7 8 9 10 11 12 13 14 15 16 
0 1 2 3 4 5 6 7 8 9 10 11 12 13 14 15 16 
0 1 2 3 4 5 6 7 8 9 10 11 12 13 14 15 16 
0 1 2 3 4 5 6 7 8 9 10 11 12 13 14 15 16 
0 1 2 3 4 5 6 7 8 9 10 11 12 13 14 15 16 
0 1 2 3 4 5 6 7 8 9 10 11 12 13 14 15 16 
0 1 2 3 4 5 6 7 8 9 10 11 12 13 14 15 16 
0 1 2 3 4 5 6 7 8 9 10 11 12 13 14 15 16 
new line youhou !
new char youhou !
new char youhou !
new line youhou !
new char youhou !
new char youhou !
end youhou !
ad
ad
0 1 2 3 4 5 6 7 8 9 10 11 12 13 14 15 16 
0 1 2 3 4 5 6 7 8 9 10 11 12 13 14 15 16 
0 1 2 3 4 5 6 7 8 9 10 11 12 13 14 15 16 
0 1 2 3 4 5 6 7 8 9 10 11 12 13 14 15 16 
0 1 2 3 4 5 6 7 8 9 10 11 12 13 14 15 16 
0 1 2 3 4 5 6 7 8 9 10 11 12 13 14 15 16 
0 1 2 3 4 5 6 7 8 9 10 11 12 13 14 15 16 
0 1 2 3 4 5 6 7 8 9 10 11 12 13 14 15 16 
0 1 2 3 4 5 6 7 8 9 10 11 12 13 14 15 16 
0 1 2 3 4 5 6 7 8 9 10 11 12 13 14 15 16 
0 1 2 3 4 5 6 7 8 9 10 11 12 13 14 15 16 
0 1 2 3 4 5 6 7 8 9 10 11 12 13 14 15 16 
0 1 2 3 4 5 6 7 8 9 10 11 12 13 14 15 16 
0 1 2 3 4 5 6 7 8 9 10 11 12 13 14 15 16 
0 1 2 3 4 5 6 7 8 9 10 11 12 13 14 15 16 
new line youhou !
new char youhou !
new line youhou !
new char youhou !
end youhou !
ad
ad
0 1 2 3 4 5 6 7 8 9 10 11 12 13 14 15 16 
0 1 2 3 4 5 6 7 8 9 10 11 12 13 14 15 16 
0 1 2 3 4 5 6 7 8 9 10 11 12 13 14 15 16 
0 1 2 3 4 5 6 7 8 9 10 11 12 13 14 15 16 
0 1 2 3 4 5 6 7 8 9 10 11 12 13 14 15 16 
0 1 2 3 4 5 6 7 8 9 10 11 12 13 14 15 16 
0 1 2 3 4 5 6 7 8 9 10 11 12 13 14 15 16 
0 1 2 3 4 5 6 7 8 9 10 11 12 13 14 15 16 
0 1 2 3 4 5 6 7 8 9 10 11 12 13 14 15 16 
0 1 2 3 4 5 6 7 8 9 10 11 12 13 14 15 16 
0 1 2 3 4 5 6 7 8 9 10 11 12 13 14 15 16 
0 1 2 3 4 5 6 7 8 9 10 11 12 13 14 15 16 
0 1 2 3 4 5 6 7 8 9 10 11 12 13 14 15 16 
0 1 2 3 4 5 6 7 8 9 10 11 12 13 14 15 16 
0 1 2 3 4 5 6 7 8 9 10 11 12 13 14 15 16 
new line youhou !
new char youhou !
new char youhou !
new char youhou !
new line youhou !
new char youhou !
new char youhou !
new char youhou !
end youhou !
ad
ad
0 1 2 3 4 5 6 7 8 9 10 11 12 13 14 15 16 
0 1 2 3 4 5 6 7 8 9 10 11 12 13 14 15 16 
0 1 2 3 4 5 6 7 8 9 10 11 12 13 14 15 16 
0 1 2 3 4 5 6 7 8 9 10 11 12 13 14 15 16 
0 1 2 3 4 5 6 7 8 9 10 11 12 13 14 15 16 
0 1 2 3 4 5 6 7 8 9 10 11 12 13 14 15 16 
0 1 2 3 4 5 6 7 8 9 10 11 12 13 14 15 16 
0 1 2 3 4 5 6 7 8 9 10 11 12 13 14 15 16 
0 1 2 3 4 5 6 7 8 9 10 11 12 13 14 15 16 
0 1 2 3 4 5 6 7 8 9 10 11 12 13 14 15 16 
0 1 2 3 4 5 6 7 8 9 10 11 12 13 14 15 16 
0 1 2 3 4 5 6 7 8 9 10 11 12 13 14 15 16 
0 1 2 3 4 5 6 7 8 9 10 11 12 13 14 15 16 
0 1 2 3 4 5 6 7 8 9 10 11 12 13 14 15 16 
0 1 2 3 4 5 6 7 8 9 10 11 12 13 14 15 16 
new line youhou !
new char youhou !
new line youhou !
new char youhou !
end youhou !
ad
ad
0 1 2 3 4 5 6 7 8 9 10 11 12 13 14 15 16 
0 1 2 3 4 5 6 7 8 9 10 11 12 13 14 15 16 
0 1 2 3 4 5 6 7 8 9 10 11 12 13 14 15 16 
0 1 2 3 4 5 6 7 8 9 10 11 12 13 14 15 16 
0 1 2 3 4 5 6 7 8 9 10 11 12 13 14 15 16 
0 1 2 3 4 5 6 7 8 9 10 11 12 13 14 15 16 
0 1 2 3 4 5 6 7 8 9 10 11 12 13 14 15 16 
0 1 2 3 4 5 6 7 8 9 10 11 12 13 14 15 16 
0 1 2 3 4 5 6 7 8 9 10 11 12 13 14 15 16 
0 1 2 3 4 5 6 7 8 9 10 11 12 13 14 15 16 
0 1 2 3 4 5 6 7 8 9 10 11 12 13 14 15 16 
0 1 2 3 4 5 6 7 8 9 10 11 12 13 14 15 16 
0 1 2 3 4 5 6 7 8 9 10 11 12 13 14 15 16 
0 1 2 3 4 5 6 7 8 9 10 11 12 13 14 15 16 
0 1 2 3 4 5 6 7 8 9 10 11 12 13 14 15 16 
new line youhou !
new char youhou !
new char youhou !
new char youhou !
end youhou !
ad
ad
0 1 2 3 4 5 6 7 8 9 10 11 12 13 14 15 16 
0 1 2 3 4 5 6 7 8 9 10 11 12 13 14 15 16 
0 1 2 3 4 5 6 7 8 9 10 11 12 13 14 15 16 
0 1 2 3 4 5 6 7 8 9 10 11 12 13 14 15 16 
0 1 2 3 4 5 6 7 8 9 10 11 12 13 14 15 16 
0 1 2 3 4 5 6 7 8 9 10 11 12 13 14 15 16 
0 1 2 3 4 5 6 7 8 9 10 11 12 13 14 15 16 
0 1 2 3 4 5 6 7 8 9 10 11 12 13 14 15 16 
0 1 2 3 4 5 6 7 8 9 10 11 12 13 14 15 16 
0 1 2 3 4 5 6 7 8 9 10 11 12 13 14 15 16 
0 1 2 3 4 5 6 7 8 9 10 11 12 13 14 15 16 
0 1 2 3 4 5 6 7 8 9 10 11 12 13 14 15 16 
0 1 2 3 4 5 6 7 8 9 10 11 12 13 14 15 16 
0 1 2 3 4 5 6 7 8 9 10 11 12 13 14 15 16 
0 1 2 3 4 5 6 7 8 9 10 11 12 13 14 15 16 
new line youhou !
new char youhou !
new char youhou !
new char youhou !
new line youhou !
new char youhou !
new char youhou !
new char youhou !
end youhou !
ad
ad
0 1 2 3 4 5 6 7 8 9 10 11 12 13 14 15 16 
0 1 2 3 4 5 6 7 8 9 10 11 12 13 14 15 16 
0 1 2 3 4 5 6 7 8 9 10 11 12 13 14 15 16 
0 1 2 3 4 5 6 7 8 9 10 11 12 13 14 15 16 
0 1 2 3 4 5 6 7 8 9 10 11 12 13 14 15 16 
0 1 2 3 4 5 6 7 8 9 10 11 12 13 14 15 16 
0 1 2 3 4 5 6 7 8 9 10 11 12 13 14 15 16 
0 1 2 3 4 5 6 7 8 9 10 11 12 13 14 15 16 
0 1 2 3 4 5 6 7 8 9 10 11 12 13 14 15 16 
0 1 2 3 4 5 6 7 8 9 10 11 12 13 14 15 16 
0 1 2 3 4 5 6 7 8 9 10 11 12 13 14 15 16 
0 1 2 3 4 5 6 7 8 9 10 11 12 13 14 15 16 
0 1 2 3 4 5 6 7 8 9 10 11 12 13 14 15 16 
0 1 2 3 4 5 6 7 8 9 10 11 12 13 14 15 16 
0 1 2 3 4 5 6 7 8 9 10 11 12 13 14 15 16 
